Initial size: 2765
The densest subgraph has a density of 0.950617
Running time: 1.612
1159 1167
1158 1159
1156 1157
1154 1157
1147 1156
328 1156
1100 1156
1056 1156
995 1155
974 1155
963 1155
953 1155
942 1154
868 1154
856 1154
783 1153
590 1153
759 1153
749 1153
739 1153
317 1150
622 1152
609 1152
541 1149
522 1148
515 1147
506 1148
478 1148
469 1148
447 1148
425 1148
414 1147
906 1154
381 1134
359 1148
327 1134
309 1134
300 1147
278 1147
257 1147
246 1146
235 1146
202 1146
109 1146
43 1146
32 1138
838 1138
337 1134
81 1100
267 1147
707 1153
580 1150
1085 1090
436 1148
458 1148
633 1150
175 1026
831 1015
1045 1155
903 931
829 1154
605 1156
61 469
10 1138
1067 1156
124 499
85 1036
1026 1155
931 1154
97 327
146 315
87 315
1146 1156
138 309
69 309
488 1149
1163 1204
845 1154
1113 1156
1138 1156
499 1147
1006 1155
114 499
191 1146
63 309
144 718
122 515
1150 1156
532 1150
1153 1157
101 309
169 783
99 499
67 469
120 337
883 1154
21 1138
71 478
93 315
73 1146
1155 1157
644 1150
315 1134
870 1006
1015 1155
105 315
224 1146
592 1153
116 327
985 1155
2 1138
685 1150
289 1147
155 985
926 953
728 1153
1157 1158
135 522
181 257
661 1138
95 328
696 1153
149 739
563 1150
142 300
77 1036
814 1154
126 499
1036 1155
107 506
112 506
118 515
128 515
132 515
213 1146
83 532
103 532
319 1150
140 309
403 1134
674 1150
594 1150
718 1153
392 1147
801 1154
159 759
75 829
161 605
166 590
151 759
370 1147
54 1146
348 1148
183 817
