Running time: 0.017
Initial size: 156
The densest subgraph has a density of 2.30556
9 10
44 45
38 20
17 18
38 14
33 8
30 45
17 9
33 34
33 35
3 5
44 30
34 41
5 27
3 31
12 14
6 10
11 15
43 44
38 39
11 13
18 19
6 7
35 36
1 4
33 37
6 5
6 4
38 15
17 20
6 9
33 36
26 45
17 19
13 10
17 13
1 3
27 45
14 16
12 16
11 14
6 8
31 5
34 42
42 8
41 44
8 5
36 20
1 5
13 9
35 49
34 37
41 42
38 16
41 43
17 15
18 8
18 9
42 5
26 30
42 27
42 45
34 8
7 4
33 19
35 37
7 10
26 27
8 19
19 36
42 44
8 9
4 5
11 12
39 36
39 20
31 27
15 20
14 15
49 36
39 49
43 37
19 20
